501 38
990 15
682 17
98 23
351 2
615 38
152 6
27 15
832 28
161 19
198 42
646 18
973 27
681 4
787 5
186 9
325 2
688 1
61 40
680 4
270 44
119 40
973 37
714 6
61 2
272 9
168 4
477 48
518 43
374 23
795 26
511 11
479 12
494 13
538 26
440 25
730 17
202 35
129 5
376 41
424 34
922 48
360 20
586 6
181 6
453 23
802 1
354 39
920 18
138 15
384 41
784 30
437 36
209 47
125 31
945 34
440 2
497 8
985 46
175 9
560 15
30 11
5 18
614 34
128 15
740 13
407 10
218 8
88 33
272 9
822 45
198 46
963 21
92 28
472 16
290 14
244 18
871 36
923 25
932 50
907 2
717 38
71 43
168 21
11 46
754 45
204 5
398 11
988 8
255 28
889 19
901 37
298 48
144 35
146 42
277 22
355 44
952 40
656 34
78 15
497 37
648 47
809 14
677 41
741 41
399 36
679 24
211 28
346 35
890 33
602 15
260 3
261 40
829 21
533 50
738 15
495 38
656 44
184 33
931 46
866 32
63 43
125 12
920 8
974 40
742 11
995 48
542 46
932 8
493 35
112 47
440 6
9 10
202 49
926 2
608 23
879 26
886 38
550 36
435 3
586 46
596 34
565 13
728 15
204 3
338 43
864 42
178 7
400 3
719 17
535 40
412 11
684 48
727 1
957 4
565 4
776 24
521 46
266 7
267 44
149 7
559 18
654 26
310 3
906 14
138 37
602 50
683 42
703 16
823 37
490 20
325 26
827 21
662 38
101 46
157 32
743 35
285 34
340 32
105 18
233 7
117 18
567 42
343 12
703 1
833 13
369 18
218 26
969 4
916 8
385 50
547 35
360 7
400 33
665 21
450 25
42 18
937 24
173 31
813 25
916 11
984 17
189 31
444 49
522 13
312 23
411 23
837 46
251 19
957 37
118 24
750 35
769 2
88 30
591 41
189 30
982 15
368 19
670 42
819 21
272 7
703 26
988 19
626 31
456 13
415 18
616 27
947 50
73 39
976 41
970 14
384 37
31 16
158 23
363 47
47 40
640 9
142 16
235 11
823 35
890 42
323 9
442 5
764 27
86 35
675 38
29 18
823 8
160 28
705 25
850 5
387 46
666 43
775 35
493 16
499 2
315 28
143 24
39 11
938 36
305 7
799 15
195 12
3 24
420 47
567 47
175 10
147 14
466 6
98 12
506 27
617 7
390 30
815 20
489 19
500 2
245 32
58 8
172 3
898 48
974 14
118 31
260 48
900 14
313 42
144 37
616 7
496 45
850 15
865 37
259 50
864 6
962 21
481 24
549 12
178 16
851 20
217 25
956 42
888 12
905 10
158 28
48 16
143 19
823 4
376 39
257 44
924 13
247 29
80 43
744 6
393 34
794 9
514 44
371 18
538 21
579 46
624 13
791 10
932 19
140 9
43 48
469 36
812 4
469 25
815 32
652 35
189 34
834 50
958 48
508 37
269 43
327 12
469 6
372 31
101 49
718 11
826 44
498 43
986 31
314 35
961 16
798 15
793 46
13 26
260 40
468 30
930 5
691 48
179 45
137 49
773 3
964 19
844 14
79 45
779 4
670 14
815 10
38 15
173 45
154 33
659 48
98 48
113 32
351 37
545 12
178 3
415 25
589 11
706 16
463 43
531 30
171 11
23 35
127 50
498 29
834 16
513 9
537 14
679 7
727 4
465 19
472 8
867 33
201 43
93 7
274 17
489 45
504 23
177 10
34 44
137 47
77 38
962 29
936 10
751 23
588 1
39 7
584 35
386 13
159 38
721 42
504 25
554 21
282 18
826 8
279 42
12 37
611 50
822 18
44 22
509 18
386 41
829 10
823 48
653 15
948 17
935 5
857 46
485 4
67 10
75 35
277 1
188 5
6 34
231 8
185 39
211 7
263 11
395 43
613 32
160 27
509 30
618 36
76 31
140 33
330 38
779 16
251 22
227 16
87 27
969 50
993 44
965 39
478 22
101 10
957 39
637 6
123 18
286 10
590 41
620 39
181 16
170 35
482 15
620 4
642 10
773 46
927 13
18 13
497 26
302 3
48 22
191 16
685 33
855 13
238 49
801 46
990 15
62 13
914 38
301 12
800 26
589 15
925 30
24 26
419 39
845 19
194 13
669 5
916 50
743 2
187 9
230 18
496 46
123 18
490 2
545 15
601 3
3 48
876 35
637 49
70 31
683 20
342 29
112 11
997 23
846 42
451 14
658 16
